"","Q3","Q5","Q7","Q9","Q10","Q11","Q12"
"Q3",1,0.84,0.82,0.8,0.83,0.81,0.78
"Q5",0.84,1,0.89,0.81,0.88,0.81,0.82
"Q7",0.82,0.89,1,0.82,0.89,0.81,0.83
"Q9",0.8,0.81,0.82,1,0.87,0.83,0.81
"Q10",0.83,0.88,0.89,0.87,1,0.86,0.87
"Q11",0.81,0.81,0.81,0.83,0.86,1,0.86
"Q12",0.78,0.82,0.83,0.81,0.87,0.86,1
